[5, 7, 9]
[5, 7, 9]
sum of the matrix:  1249775800
mean of the matrix:  49.991032
variance of the matrix:  849.9167981985327
multiplied of the matrix:  [[ 24  52 344 ... 192 236   0]
 [148 316 180 ... 324 344 108]
 [212  76 348 ... 276 168 168]
 ...
 [ 20 360 308 ... 236 348 156]
 [388  12 348 ... 128 292 304]
 [268 100  20 ... 112 252 204]]
A:  [[0. 0. 0. ... 0. 0. 0.]
 [0. 0. 0. ... 0. 0. 0.]
 [0. 0. 0. ... 0. 0. 0.]
 ...
 [0. 0. 0. ... 0. 0. 0.]
 [0. 0. 0. ... 0. 0. 0.]
 [0. 0. 0. ... 0. 0. 0.]]
A: 
 [[-2.  1.  0. ...  0.  0.  0.]
 [ 1. -2.  1. ...  0.  0.  0.]
 [ 0.  1. -2. ...  0.  0.  0.]
 ...
 [ 0.  0.  0. ... -2.  1.  0.]
 [ 0.  0.  0. ...  1. -2.  1.]
 [ 0.  0.  0. ...  0.  1. -2.]]
A shape:  (50, 50)
dominant eigenvalue:  -3.9949243476609686
dominant eigenvalue (numpy): -3.9962066574740853